0.8309 0.8291 0.8282 0.8277 0.8261 0.8253 0.8233 0.8223 0.8203 0.8193 0.8189 
0.8174 0.8153 0.8143 0.8138 0.8124 0.8105 0.8096 0.8091 0.8089 0.8077 0.8071 
0.8068 0.8056 0.8039 0.8031 0.8026 0.8013 0.8004 0.7999 0.7997 0.7985 0.7974 
0.7969 0.7966 0.7965 0.7976 0.7981 0.7984 0.7977 0.7958 0.7949 0.7944 0.7942 
0.7940 0.7940 0.7940 0.7935 0.7933 0.7932 0.7924 0.7903 0.7892 0.7887 0.7884 
0.7874 0.7868 0.7866 0.7854 0.7848 0.7845 0.7844 0.7842 0.7842 0.7841 0.7831 
0.7826 0.7814 0.7808 0.7795 0.7789 0.7786 0.7775 0.7769 0.7757 0.7737 0.7726 
0.7721 0.7718 0.7715 0.7714 0.7713 0.7708 0.7706 0.7705 0.7704 0.7704 0.7704 
0.7674 0.7672 0.7671 0.7671 0.7670 0.7670 0.7657 0.7633 0.7621 0.7615 0.7612 
0.7611 0.7593 0.7585 0.7579 0.7576 0.7574 0.7553 0.7542 0.7537 0.7534 0.7509 
0.7497 0.7490 0.7463 0.7430 0.7413 0.7405 0.7376 0.7360 0.7352 0.7348 0.7328 
0.7306 0.7296 0.7291 0.7288 0.7287 0.7272 0.7265 0.7242 0.7230 0.7224 0.7221 
0.7223 0.7224 0.7224 0.7212 0.7207 0.7192 0.7185 0.7169 0.7161 0.7157 0.7155 
0.7145 0.7140 0.7137 0.7136 0.7136 0.7118 0.7110 0.7080 0.7065 0.7058 0.7029 
0.6942 0.6899 0.6878 0.6837 0.6817 0.6807 0.6802 0.6814 0.6819 0.6822 0.6794 
0.6676 0.6616 0.6587 0.6572 0.6559 0.6552 0.6549 0.6523 0.6474 0.6449 0.6437 
0.6430 0.6418 0.6411 0.6408 0.6371 0.6337 0.6320 0.6311 0.6285 0.6251 0.6234 
0.6225 0.6204 0.6177 0.6164 0.6157 0.6154 0.6142 0.6136 0.6132 0.6121 0.6102 
0.6093 0.6088 0.6086 0.6070 0.6063 0.6059 0.6038 0.6027 0.6022 0.5994 0.5942 
0.5917 0.5904 0.5863 0.5842 0.5832 0.5827 0.5814 0.5807 0.5804 0.5767 0.5698 
0.5663 0.5646 0.5610 0.5591 0.5582 0.5578 0.5569 0.5564 0.5562 0.5534 0.5521 
0.5490 0.5475 0.5440 0.5423 0.5415 0.5383 0.5367 0.5329 0.5293 0.5275 0.5266 
0.5233 0.5169 0.5138 0.5122 0.5089 0.5072 0.5038 0.5021 0.5007 0.5000 0.4997 
0.4973 0.4908 0.4875 0.4858 0.4850 0.4846 0.4844 0.4843 0.4836 0.4833 0.4831 
0.4815 0.4795 0.4785 0.4780 0.4778 0.4836 0.4866 0.4880 0.4783 0.4734 0.4710 
0.4698 0.4697 0.4697 0.4697 0.4697 0.4708 0.4713 0.4716 0.4712 0.4711 0.4710 
0.4709 0.4709 0.4709 0.4709 0.4709 0.4709 0.4709 0.4709 0.4705 0.4703 0.4702 
0.4668 0.4651 0.4643 0.4638 0.4639 0.4639 0.4732 0.4778 0.4809 0.4825 0.4833 
0.4833 0.4833 0.4834 0.4822 0.4818 0.4816 0.4815 0.4815 0.4813 0.4811 0.4811 
0.4811 0.4810 0.4810 0.4815 0.4817 0.4818 0.4819 0.4819 0.4819 0.4819 0.4819 
0.4819 0.4820 0.4820 0.4820 0.4815 0.4794 0.4783 0.4778 0.4772 0.4769 0.4762 
0.4759 0.4756 0.4754 0.4753 0.4748 0.4746 0.4745 0.4748 0.4757 0.4761 0.4763 
0.4777 0.4785 0.4788 0.4791 0.4788 0.4786 0.4785 0.4783 0.4781 0.4781 0.4780 
0.4780 0.4772 0.4768 0.4766 0.4755 0.4735 0.4725 0.4720 0.4706 0.4698 0.4695 
0.4676 0.4646 0.4632 0.4607 0.4595 0.4563 0.4547 0.4539 0.4535 0.4504 0.4489 
0.4481 0.4449 0.4433 0.4425 0.4394 0.4373 0.4363 0.4357 0.4341 0.4333 0.4330 
0.4330 0.4350 0.4360 0.4366 0.4401 0.4413 0.4418 0.4421 0.4484 0.4556 0.4592 
0.4610 0.4645 0.4641 0.4639 0.4638 0.4590 0.4566 0.4554 0.4548 0.4485 0.4453 
0.4438 0.4376 0.4345 0.4329 0.4269 0.4240 0.4225 0.4217 0.4163 0.4136 0.4122 
0.4116 0.4110 0.4107 0.4106 0.4060 0.3933 0.3869 0.3837 0.3816 0.3806 0.3801 
0.3792 0.3790 0.3788 0.3788 0.3784 0.3782 0.3780 0.3779 0.3778 0.3777 0.3777 
0.3776 0.3765 0.3759 0.3756 0.3751 0.3747 0.3745 0.3744 0.3742 0.3751 0.3756 
0.3758 0.3757 0.3757 0.3756 0.3756 0.3746 0.3741 0.3738 0.3737 0.3736 0.3736 
0.3736 0.3735 0.3735 0.3735 0.3735 0.3735 0.3735 0.3735 0.3735 0.3735 0.3735 
0.3735 0.3735 0.3735 0.3735 0.3735 0.3735 0.3735 0.3735 0.3735 0.3735 0.3735 
0.3735 0.3735 0.3735 0.3735 0.3735 0.3735 0.3735 0.3735 0.3735 0.3735 0.3735 
0.3735 0.3735 0.3735 0.3735 0.3735 0.3735 