0.5206 0.5281 0.5011 0.4876 0.4809 0.4775 0.4771 0.4769 0.4767 0.4778 0.4766 
0.4760 0.4757 0.4770 0.4817 0.4840 0.4852 0.4857 0.4860 0.4871 0.4876 0.4878 
0.4878 0.4879 0.4888 0.4900 0.4906 0.4910 0.4911 0.4912 0.4913 0.4913 0.4921 
0.4943 0.4954 0.4960 0.4962 0.4963 0.4963 0.4963 0.4971 0.4988 0.4997 0.5001 
0.5003 0.5012 0.5016 0.5018 0.5008 0.4977 0.4962 0.4955 0.4951 0.4907 0.4885 
0.4875 0.4818 0.4734 0.4693 0.4672 0.4596 0.4557 0.4538 0.4529 0.4464 0.4432 
0.4416 0.4331 0.4216 0.4159 0.4130 0.4014 0.3955 0.3926 0.3844 0.3802 0.3782 
0.3713 0.3648 0.3615 0.3598 0.3590 0.3550 0.3531 0.3521 0.3516 0.3589 0.3625 
0.3613 0.3607 0.3539 0.3505 0.3469 0.3451 0.3442 0.3438 0.3436 0.3475 0.3494 
0.3504 0.3518 0.3639 0.3700 0.3731 0.3746 0.3776 0.3791 0.3799 0.3867 0.3901 
0.3985 0.4026 0.4127 0.4178 0.4203 0.4295 0.4423 0.4487 0.4520 0.4536 0.4555 
0.4564 0.4569 0.4672 0.4930 0.5058 0.5123 0.5155 0.5066 0.5022 0.5000 0.5099 
0.5461 0.5643 0.5733 0.5864 0.6005 0.6076 0.6111 0.6129 0.6138 0.6142 0.6144 
0.6214 0.6249 0.6267 0.6329 0.6460 0.6525 0.6557 0.6573 0.6548 0.6535 0.6529 
0.6601 0.6740 0.6809 0.6844 0.6922 0.6933 0.6939 0.6942 0.6998 0.7026 0.7082 
0.7109 0.7169 0.7199 0.7214 0.7239 0.7251 0.7276 0.7288 0.7275 0.7268 0.7265 
0.7338 0.7375 0.7393 0.7402 0.7407 0.7409 0.7410 0.7411 0.7411 0.7411 0.7438 
0.7452 0.7459 0.7473 0.7481 0.7493 0.7499 0.7503 0.7504 0.7505 0.7505 0.7727 
0.7838 0.7893 0.7926 0.7942 0.7954 0.7960 0.8018 0.8047 0.8062 0.8075 0.8081 
0.8084 0.8086 0.8087 0.8087 0.8087 0.8087 0.8088 0.8088 0.8088 0.8088 0.8088 
0.8088 0.8088 0.8088 0.8088 0.8088 0.8088 0.8088 0.8088 0.8088 0.8088 0.8088 
0.8088 0.8088 0.8088 0.8088 0.8088 0.8088 0.8088 0.8088 0.8088 0.8088 0.8088 
0.8088 0.8088 0.8088 0.8088 0.8088 0.8088 0.8088 0.8088 0.8088 