0.5132 0.5128 0.5111 0.5102 0.5096 0.5094 0.5091 0.5090 0.5089 0.5089 0.5089 
0.5088 0.5087 0.5084 0.5083 0.5082 0.5082 0.5081 0.5081 0.5080 0.5080 0.5080 
0.5080 0.5080 0.5080 0.5080 0.5081 0.5081 0.5081 0.5081 0.5081 0.5081 0.5081 
0.5081 0.5081 0.5081 0.5081 0.5081 0.5081 0.5081 0.5081 0.5081 0.5089 0.5094 
0.5096 0.5097 0.5088 0.5084 0.5082 0.5080 0.5079 0.5080 0.5080 0.5087 0.5091 
0.5093 0.5099 0.5103 0.5105 0.5106 0.5089 0.5115 0.5128 0.5134 0.5134 0.5035 
0.4986 0.4961 0.4946 0.4939 0.4935 0.4933 0.4935 0.4936 0.4936 0.4911 0.4519 
0.4323 0.4225 0.4176 0.4151 0.4139 0.4133 0.4130 0.4128 0.4127 0.4563 0.4780 
0.4889 0.4969 0.5190 0.5301 0.5356 0.5458 0.5508 0.5607 0.5656 0.5634 0.5623 
0.5618 0.5723 0.5776 0.5924 0.5998 0.6545 0.6819 0.6956 0.7259 0.8133 0.8571 
0.8789 0.8899 0.9158 0.9287 0.9352 0.9689 0.9671 0.9675 0.9676 0.9677 0.9678 
0.9878 0.9900 0.9950 0.9975 1.0005 0.9985 0.9999 0.9996 0.9995 0.9998 0.9999 
0.9999 0.9991 0.9987 0.9985 0.9984 0.9983 0.9964 0.9954 0.9949 0.9947 0.9946 
0.9945 0.9945 0.9891 0.9864 0.9851 0.9777 0.9740 0.9604 0.9536 0.9668 0.9734 
0.9767 0.9626 0.9496 0.9431 0.9398 0.9131 0.8476 0.8148 0.7984 0.7652 0.7485 
0.7402 0.7361 0.7066 0.6919 0.6846 0.6809 0.6791 0.6621 0.6537 0.6352 0.6259 
0.6213 0.6099 0.6042 0.5953 0.5908 0.5891 0.5882 0.5878 0.5861 0.5853 0.5842 
0.5837 0.5828 0.5823 0.5820 0.5804 0.5794 0.5789 0.5786 0.5785 0.5784 0.5746 
0.5727 0.5677 0.5652 0.5639 0.5633 0.5576 0.5547 0.5532 0.5472 0.5316 0.5239 
0.5200 0.5127 0.5151 0.5163 0.5169 0.5123 0.4998 0.4935 0.4903 0.4851 0.4763 
0.4719 0.4697 0.4700 0.4702 0.4703 0.4703 0.4672 0.4657 0.4649 0.4638 0.4658 
0.4669 0.4674 0.4677 0.4681 0.4684 0.4685 0.4721 0.4740 0.4749 0.4758 0.4714 
0.4692 0.4681 0.4678 0.4675 0.4674 0.4673 0.4672 0.4677 0.4679 0.4680 0.4681 
0.4688 0.4691 0.4693 0.4694 0.4694 0.4695 0.4695 0.4739 0.4761 0.4772 0.4777 
0.4780 0.4781 0.4782 0.4782 0.4783 0.4783 0.4783 0.4783 