0.4696 0.4689 0.4686 0.4684 0.4677 0.4674 0.4668 0.4664 0.4658 0.4656 0.4654 
0.4650 0.4644 0.4641 0.4640 0.4635 0.4628 0.4625 0.4623 0.4622 0.4617 0.4615 
0.4614 0.4609 0.4603 0.4599 0.4598 0.4591 0.4585 0.4581 0.4580 0.4573 0.4567 
0.4564 0.4563 0.4562 0.4567 0.4569 0.4570 0.4565 0.4552 0.4546 0.4542 0.4541 
0.4540 0.4539 0.4539 0.4538 0.4537 0.4537 0.4533 0.4520 0.4514 0.4511 0.4509 
0.4496 0.4489 0.4486 0.4470 0.4461 0.4457 0.4455 0.4454 0.4453 0.4453 0.4435 
0.4427 0.4401 0.4388 0.4357 0.4342 0.4334 0.4295 0.4275 0.4227 0.4086 0.4015 
0.3980 0.3963 0.3915 0.3892 0.3880 0.3831 0.3809 0.3797 0.3792 0.3789 0.3788 
0.3692 0.3670 0.3660 0.3654 0.3652 0.3650 0.3623 0.3584 0.3565 0.3555 0.3550 
0.3548 0.3525 0.3513 0.3506 0.3502 0.3500 0.3472 0.3459 0.3452 0.3448 0.3416 
0.3400 0.3392 0.3356 0.3303 0.3277 0.3263 0.3222 0.3202 0.3191 0.3186 0.3150 
0.3098 0.3072 0.3059 0.3052 0.3049 0.3012 0.2994 0.2920 0.2883 0.2865 0.2856 
0.2883 0.2897 0.2904 0.2876 0.2862 0.2825 0.2807 0.2767 0.2748 0.2738 0.2733 
0.2703 0.2688 0.2680 0.2677 0.2675 0.2645 0.2630 0.2591 0.2572 0.2562 0.2526 
0.2417 0.2362 0.2334 0.2289 0.2267 0.2256 0.2250 0.2276 0.2289 0.2296 0.2268 
0.2122 0.2049 0.2012 0.1994 0.1982 0.1975 0.1972 0.1937 0.1859 0.1820 0.1800 
0.1790 0.1777 0.1771 0.1768 0.1725 0.1679 0.1656 0.1644 0.1612 0.1576 0.1558 
0.1549 0.1527 0.1496 0.1481 0.1474 0.1470 0.1446 0.1435 0.1429 0.1403 0.1368 
0.1350 0.1342 0.1337 0.1310 0.1297 0.1290 0.1261 0.1247 0.1240 0.1207 0.1160 
0.1136 0.1124 0.1090 0.1073 0.1065 0.1061 0.1054 0.1051 0.1049 0.1023 0.0975 
0.0952 0.0940 0.0920 0.0910 0.0905 0.0902 0.0899 0.0897 0.0896 0.0883 0.0877 
0.0862 0.0855 0.0838 0.0830 0.0826 0.0811 0.0803 0.0784 0.0767 0.0758 0.0754 
0.0737 0.0708 0.0694 0.0686 0.0669 0.0660 0.0642 0.0633 0.0622 0.0617 0.0614 
0.0603 0.0570 0.0553 0.0545 0.0541 0.0539 0.0538 0.0537 0.0535 0.0533 0.0533 
0.0524 0.0516 0.0512 0.0509 0.0508 0.0531 0.0543 0.0549 0.0522 0.0508 0.0501 
0.0491 0.0483 0.0479 0.0477 0.0476 0.0474 0.0473 0.0472 0.0459 0.0452 0.0449 
0.0447 0.0446 0.0446 0.0446 0.0446 0.0446 0.0446 0.0446 0.0444 0.0443 0.0442 
0.0430 0.0423 0.0420 0.0419 0.0413 0.0410 0.0389 0.0379 0.0367 0.0361 0.0358 
0.0344 0.0337 0.0334 0.0328 0.0329 0.0330 0.0330 0.0330 0.0326 0.0324 0.0318 
0.0315 0.0314 0.0313 0.0307 0.0303 0.0302 0.0301 0.0300 0.0300 0.0300 0.0300 
0.0300 0.0292 0.0288 0.0285 0.0276 0.0264 0.0257 0.0254 0.0246 0.0242 0.0235 
0.0231 0.0226 0.0223 0.0221 0.0220 0.0219 0.0219 0.0218 0.0215 0.0214 0.0213 
0.0211 0.0210 0.0209 0.0207 0.0203 0.0201 0.0200 0.0198 0.0195 0.0193 0.0192 
0.0185 0.0176 0.0171 0.0169 0.0161 0.0150 0.0145 0.0142 0.0132 0.0128 0.0125 
0.0116 0.0104 0.0098 0.0088 0.0084 0.0076 0.0073 0.0071 0.0070 0.0064 0.0061 
0.0060 0.0055 0.0052 0.0051 0.0046 0.0043 0.0042 0.0041 0.0038 0.0036 0.0035 
0.0036 0.0042 0.0045 0.0047 0.0058 0.0064 0.0067 0.0069 0.0087 0.0108 0.0118 
0.0123 0.0136 0.0145 0.0150 0.0152 0.0151 0.0151 0.0150 0.0150 0.0146 0.0144 
0.0142 0.0140 0.0138 0.0138 0.0135 0.0134 0.0133 0.0133 0.0131 0.0130 0.0130 
0.0129 0.0129 0.0129 0.0129 0.0128 0.0124 0.0121 0.0120 0.0119 0.0118 0.0118 
0.0117 0.0117 0.0117 0.0117 0.0117 0.0116 0.0116 0.0116 0.0115 0.0115 0.0115 
0.0114 0.0113 0.0113 0.0113 0.0112 0.0112 0.0112 0.0112 0.0111 0.0112 0.0112 
0.0112 0.0112 0.0111 0.0111 0.0111 0.0109 0.0109 0.0108 0.0108 0.0108 0.0108 
0.0108 0.0108 0.0108 0.0108 0.0108 0.0108 0.0108 0.0108 0.0108 0.0108 0.0108 
0.0108 0.0108 0.0108 0.0108 0.0108 0.0108 0.0108 0.0108 0.0108 0.0108 0.0108 
0.0108 0.0108 0.0108 0.0108 0.0108 0.0108 0.0108 0.0108 0.0108 0.0108 0.0108 
0.0108 0.0108 0.0108 0.0108 0.0108 0.0108 