0.0004 0.0003 0.0028 0.0040 0.0046 0.0049 0.0048 0.0048 0.0048 0.0046 0.0047 
0.0048 0.0049 0.0046 0.0038 0.0034 0.0031 0.0030 0.0030 0.0028 0.0027 0.0027 
0.0027 0.0027 0.0025 0.0023 0.0022 0.0022 0.0022 0.0022 0.0022 0.0022 0.0021 
0.0018 0.0017 0.0016 0.0016 0.0016 0.0016 0.0016 0.0015 0.0014 0.0013 0.0013 
0.0013 0.0012 0.0011 0.0011 0.0011 0.0012 0.0013 0.0013 0.0014 0.0019 0.0021 
0.0023 0.0034 0.0057 0.0068 0.0074 0.0104 0.0119 0.0127 0.0131 0.0176 0.0199 
0.0210 0.0272 0.0372 0.0422 0.0447 0.0591 0.0663 0.0699 0.0897 0.0995 0.1045 
0.1209 0.1438 0.1552 0.1609 0.1638 0.1809 0.1895 0.1938 0.1959 0.1825 0.1758 
0.1901 0.1972 0.2809 0.3227 0.3646 0.3855 0.3960 0.4012 0.4039 0.3840 0.3740 
0.3690 0.3870 0.4771 0.5222 0.5448 0.5560 0.5629 0.5663 0.5680 0.5892 0.5998 
0.6247 0.6372 0.6626 0.6753 0.6817 0.7026 0.7295 0.7430 0.7497 0.7531 0.7550 
0.7559 0.7564 0.7716 0.8043 0.8207 0.8288 0.8329 0.8234 0.8186 0.8162 0.8267 
0.8589 0.8750 0.8830 0.8937 0.9050 0.9107 0.9135 0.9149 0.9156 0.9160 0.9162 
0.9218 0.9246 0.9260 0.9322 0.9400 0.9438 0.9458 0.9467 0.9479 0.9484 0.9487 
0.9527 0.9568 0.9588 0.9598 0.9623 0.9641 0.9650 0.9655 0.9670 0.9678 0.9695 
0.9704 0.9720 0.9729 0.9733 0.9752 0.9762 0.9781 0.9791 0.9803 0.9808 0.9811 
0.9823 0.9829 0.9832 0.9834 0.9834 0.9835 0.9835 0.9835 0.9835 0.9835 0.9829 
0.9826 0.9825 0.9825 0.9824 0.9824 0.9823 0.9823 0.9823 0.9823 0.9823 0.9556 
0.9423 0.9356 0.9331 0.9319 0.9320 0.9321 0.9172 0.9097 0.9060 0.9047 0.9041 
0.9037 0.9036 0.9035 0.9035 0.9034 0.9034 0.9034 0.9034 0.9034 0.9034 0.9034 
0.9034 0.9034 0.9034 0.9034 0.9034 0.9034 0.9034 0.9034 0.9034 0.9034 0.9034 
0.9034 0.9034 0.9034 0.9034 0.9034 0.9034 0.9034 0.9034 0.9034 0.9034 0.9034 
0.9034 0.9034 0.9034 0.9034 0.9034 0.9034 0.9034 0.9034 0.9034 