0.0014 0.0009 0.0008 0.0007 0.0007 0.0007 0.0007 0.0007 0.0007 0.0007 0.0007 
0.0007 0.0007 0.0007 0.0007 0.0007 0.0007 0.0007 0.0007 0.0007 0.0007 0.0007 
0.0007 0.0007 0.0007 0.0007 0.0007 0.0007 0.0007 0.0007 0.0007 0.0007 0.0007 
0.0007 0.0007 0.0007 0.0007 0.0007 0.0007 0.0007 0.0007 0.0007 0.0006 0.0006 
0.0006 0.0006 0.0006 0.0007 0.0007 0.0007 0.0007 0.0007 0.0007 0.0006 0.0005 
0.0005 0.0005 0.0006 0.0007 0.0008 0.0018 0.0016 0.0014 0.0014 0.0037 0.0450 
0.0657 0.0760 0.1103 0.1274 0.1359 0.1402 0.1773 0.1958 0.2051 0.2480 0.3382 
0.3833 0.4059 0.4171 0.4228 0.4256 0.4270 0.4277 0.4281 0.4282 0.4422 0.4492 
0.4527 0.4967 0.5993 0.6505 0.6761 0.7241 0.7482 0.7910 0.8124 0.7871 0.7745 
0.7682 0.7926 0.8049 0.8339 0.8484 0.8954 0.9188 0.9306 0.9405 0.9287 0.9229 
0.9199 0.9184 0.9018 0.8935 0.8894 0.8371 0.8437 0.8471 0.8487 0.8496 0.8500 
0.8042 0.7813 0.7698 0.7641 0.7504 0.7436 0.7297 0.7094 0.6992 0.6941 0.6916 
0.6903 0.6730 0.6644 0.6601 0.6579 0.6568 0.6330 0.6211 0.6152 0.6122 0.6107 
0.6100 0.6096 0.5764 0.5598 0.5515 0.5130 0.4937 0.4499 0.4280 0.4085 0.3988 
0.3940 0.3525 0.2918 0.2615 0.2463 0.2057 0.1382 0.1045 0.0876 0.0652 0.0540 
0.0483 0.0455 0.0382 0.0346 0.0328 0.0319 0.0314 0.0258 0.0229 0.0163 0.0129 
0.0113 0.0092 0.0081 0.0069 0.0063 0.0071 0.0076 0.0078 0.0076 0.0075 0.0071 
0.0069 0.0067 0.0065 0.0064 0.0062 0.0069 0.0073 0.0075 0.0076 0.0076 0.0073 
0.0072 0.0068 0.0066 0.0065 0.0065 0.0053 0.0047 0.0043 0.0041 0.0039 0.0038 
0.0037 0.0038 0.0042 0.0044 0.0045 0.0046 0.0047 0.0047 0.0047 0.0049 0.0055 
0.0058 0.0060 0.0062 0.0064 0.0064 0.0065 0.0065 0.0066 0.0066 0.0065 0.0063 
0.0062 0.0062 0.0062 0.0061 0.0061 0.0061 0.0058 0.0057 0.0056 0.0055 0.0058 
0.0059 0.0060 0.0060 0.0060 0.0060 0.0060 0.0060 0.0060 0.0060 0.0060 0.0060 
0.0059 0.0059 0.0059 0.0059 0.0059 0.0059 0.0059 0.0057 0.0055 0.0055 0.0055 
0.0054 0.0054 0.0054 0.0054 0.0054 0.0054 0.0054 0.0054 