0.0678 0.0665 0.0659 0.0656 0.0644 0.0638 0.0627 0.0621 0.0606 0.0599 0.0595 
0.0585 0.0569 0.0561 0.0558 0.0548 0.0536 0.0530 0.0527 0.0526 0.0520 0.0517 
0.0516 0.0507 0.0497 0.0491 0.0489 0.0481 0.0473 0.0469 0.0467 0.0462 0.0457 
0.0454 0.0453 0.0452 0.0459 0.0462 0.0464 0.0460 0.0451 0.0447 0.0445 0.0444 
0.0443 0.0443 0.0443 0.0442 0.0442 0.0442 0.0438 0.0427 0.0422 0.0420 0.0418 
0.0415 0.0414 0.0413 0.0410 0.0408 0.0407 0.0407 0.0409 0.0410 0.0411 0.0410 
0.0409 0.0409 0.0408 0.0409 0.0409 0.0409 0.0413 0.0415 0.0420 0.0446 0.0459 
0.0466 0.0469 0.0486 0.0494 0.0498 0.0514 0.0519 0.0522 0.0523 0.0524 0.0524 
0.0553 0.0561 0.0565 0.0567 0.0568 0.0569 0.0576 0.0579 0.0580 0.0581 0.0581 
0.0582 0.0583 0.0584 0.0582 0.0581 0.0580 0.0583 0.0584 0.0584 0.0585 0.0591 
0.0594 0.0595 0.0602 0.0612 0.0617 0.0619 0.0629 0.0634 0.0637 0.0638 0.0649 
0.0668 0.0677 0.0682 0.0684 0.0685 0.0702 0.0710 0.0747 0.0766 0.0775 0.0779 
0.0768 0.0762 0.0759 0.0773 0.0780 0.0799 0.0809 0.0826 0.0835 0.0839 0.0841 
0.0857 0.0865 0.0869 0.0871 0.0872 0.0889 0.0897 0.0918 0.0929 0.0934 0.0953 
0.1009 0.1036 0.1050 0.1074 0.1086 0.1092 0.1095 0.1080 0.1073 0.1069 0.1084 
0.1176 0.1222 0.1245 0.1257 0.1264 0.1268 0.1270 0.1298 0.1370 0.1405 0.1423 
0.1432 0.1443 0.1449 0.1451 0.1489 0.1535 0.1558 0.1570 0.1601 0.1635 0.1653 
0.1661 0.1685 0.1714 0.1729 0.1736 0.1740 0.1765 0.1777 0.1783 0.1810 0.1849 
0.1869 0.1879 0.1884 0.1920 0.1937 0.1946 0.1993 0.2016 0.2028 0.2078 0.2153 
0.2190 0.2209 0.2263 0.2290 0.2304 0.2311 0.2316 0.2318 0.2319 0.2357 0.2428 
0.2463 0.2481 0.2511 0.2526 0.2534 0.2538 0.2543 0.2546 0.2547 0.2566 0.2575 
0.2599 0.2612 0.2640 0.2654 0.2662 0.2692 0.2707 0.2744 0.2780 0.2798 0.2807 
0.2838 0.2886 0.2910 0.2922 0.2948 0.2961 0.2985 0.2996 0.3010 0.3016 0.3019 
0.3035 0.3070 0.3087 0.3095 0.3099 0.3101 0.3103 0.3103 0.3098 0.3095 0.3094 
0.3103 0.3113 0.3117 0.3120 0.3121 0.3116 0.3113 0.3112 0.3122 0.3127 0.3130 
0.3140 0.3149 0.3154 0.3156 0.3157 0.3158 0.3158 0.3158 0.3190 0.3206 0.3213 
0.3217 0.3219 0.3220 0.3221 0.3221 0.3221 0.3221 0.3221 0.3233 0.3239 0.3242 
0.3289 0.3312 0.3324 0.3330 0.3350 0.3360 0.3422 0.3453 0.3479 0.3492 0.3498 
0.3535 0.3554 0.3563 0.3586 0.3582 0.3580 0.3579 0.3578 0.3594 0.3601 0.3619 
0.3627 0.3632 0.3634 0.3649 0.3657 0.3661 0.3663 0.3664 0.3664 0.3665 0.3665 
0.3665 0.3671 0.3674 0.3675 0.3692 0.3720 0.3734 0.3741 0.3760 0.3770 0.3789 
0.3798 0.3813 0.3821 0.3825 0.3820 0.3818 0.3817 0.3817 0.3821 0.3824 0.3825 
0.3825 0.3825 0.3825 0.3825 0.3829 0.3831 0.3831 0.3836 0.3848 0.3853 0.3856 
0.3878 0.3909 0.3925 0.3932 0.3956 0.3992 0.4010 0.4019 0.4049 0.4064 0.4072 
0.4107 0.4150 0.4171 0.4208 0.4227 0.4251 0.4263 0.4269 0.4272 0.4293 0.4304 
0.4309 0.4332 0.4344 0.4350 0.4391 0.4415 0.4426 0.4432 0.4533 0.4583 0.4608 
0.4677 0.4777 0.4826 0.4851 0.4933 0.4978 0.5001 0.5012 0.5078 0.5132 0.5159 
0.5173 0.5197 0.5231 0.5248 0.5257 0.5273 0.5281 0.5285 0.5287 0.5294 0.5297 
0.5299 0.5309 0.5313 0.5316 0.5325 0.5330 0.5332 0.5334 0.5344 0.5349 0.5352 
0.5353 0.5352 0.5351 0.5351 0.5356 0.5350 0.5348 0.5346 0.5341 0.5338 0.5337 
0.5334 0.5334 0.5334 0.5334 0.5331 0.5330 0.5328 0.5327 0.5324 0.5323 0.5322 
0.5321 0.5315 0.5312 0.5311 0.5308 0.5306 0.5304 0.5304 0.5302 0.5303 0.5303 
0.5303 0.5299 0.5296 0.5295 0.5294 0.5287 0.5283 0.5282 0.5281 0.5280 0.5280 
0.5280 0.5280 0.5280 0.5280 0.5280 0.5280 0.5280 0.5280 0.5280 0.5280 0.5280 
0.5280 0.5280 0.5280 0.5280 0.5280 0.5280 0.5280 0.5280 0.5280 0.5280 0.5280 
0.5280 0.5280 0.5280 0.5280 0.5280 0.5280 0.5280 0.5280 0.5280 0.5280 0.5280 
0.5280 0.5280 0.5280 0.5280 0.5280 0.5280 