0.4314 0.4261 0.4099 0.4017 0.3977 0.3957 0.3958 0.3958 0.3959 0.3970 0.3962 
0.3957 0.3955 0.3970 0.4022 0.4048 0.4061 0.4067 0.4070 0.4083 0.4089 0.4094 
0.4096 0.4098 0.4109 0.4127 0.4135 0.4139 0.4142 0.4143 0.4144 0.4144 0.4151 
0.4171 0.4181 0.4186 0.4188 0.4190 0.4191 0.4191 0.4200 0.4196 0.4195 0.4194 
0.4193 0.4206 0.4212 0.4215 0.4242 0.4299 0.4328 0.4342 0.4349 0.4431 0.4471 
0.4492 0.4611 0.4814 0.4916 0.4967 0.5144 0.5233 0.5277 0.5299 0.5515 0.5623 
0.5677 0.5892 0.6183 0.6328 0.6401 0.6719 0.6878 0.6958 0.7323 0.7506 0.7597 
0.7832 0.8130 0.8279 0.8354 0.8391 0.8569 0.8658 0.8703 0.8725 0.8616 0.8561 
0.8712 0.8788 0.9338 0.9612 0.9815 0.9899 0.9950 0.9975 0.9987 0.9938 0.9913 
0.9901 0.9971 1.0085 0.9924 0.9962 0.9981 0.9997 0.9992 0.9996 0.9987 0.9983 
0.9952 0.9937 0.9885 0.9858 0.9845 0.9780 0.9677 0.9625 0.9599 0.9586 0.9581 
0.9578 0.9577 0.9497 0.9282 0.9174 0.9120 0.9093 0.9169 0.9207 0.9226 0.9146 
0.8823 0.8662 0.8582 0.8454 0.8304 0.8230 0.8192 0.8173 0.8164 0.8159 0.8157 
0.8067 0.8022 0.7999 0.7891 0.7723 0.7639 0.7597 0.7576 0.7571 0.7569 0.7568 
0.7463 0.7307 0.7229 0.7190 0.7083 0.7045 0.7026 0.7017 0.6940 0.6902 0.6817 
0.6774 0.6664 0.6609 0.6582 0.6492 0.6447 0.6353 0.6306 0.6294 0.6289 0.6286 
0.6101 0.6009 0.5963 0.5940 0.5928 0.5922 0.5919 0.5918 0.5917 0.5917 0.5890 
0.5877 0.5870 0.5840 0.5824 0.5794 0.5779 0.5771 0.5767 0.5765 0.5764 0.6324 
0.6604 0.6744 0.6782 0.6801 0.6781 0.6771 0.6934 0.7015 0.7056 0.7053 0.7052 
0.7051 0.7051 0.7051 0.7051 0.7051 0.7051 0.7051 0.7051 0.7051 0.7051 0.7051 
0.7051 0.7051 0.7051 0.7051 0.7051 0.7051 0.7051 0.7051 0.7051 0.7051 0.7051 
0.7051 0.7051 0.7051 0.7051 0.7051 0.7051 0.7051 0.7051 0.7051 0.7051 0.7051 
0.7051 0.7051 0.7051 0.7051 0.7051 0.7051 0.7051 0.7051 0.7051 