0.4374 0.4303 0.4254 0.4229 0.4216 0.4210 0.4206 0.4204 0.4203 0.4202 0.4202 
0.4201 0.4201 0.4196 0.4194 0.4193 0.4192 0.4193 0.4194 0.4194 0.4195 0.4195 
0.4195 0.4195 0.4195 0.4196 0.4197 0.4197 0.4197 0.4197 0.4197 0.4197 0.4197 
0.4197 0.4197 0.4197 0.4197 0.4197 0.4197 0.4197 0.4197 0.4198 0.4190 0.4186 
0.4184 0.4183 0.4191 0.4195 0.4197 0.4198 0.4199 0.4198 0.4197 0.4209 0.4214 
0.4217 0.4228 0.4361 0.4428 0.4461 0.4611 0.4610 0.4610 0.4609 0.4858 0.6164 
0.6817 0.7144 0.7726 0.8017 0.8163 0.8235 0.8624 0.8819 0.8916 0.9227 0.9587 
0.9767 0.9857 0.9902 0.9925 0.9936 0.9942 0.9945 0.9946 0.9947 1.0039 0.9955 
0.9977 1.0014 0.9821 0.9750 0.9714 0.9515 0.9415 0.9132 0.8990 0.9194 0.9296 
0.9346 0.9186 0.9106 0.8858 0.8734 0.8005 0.7641 0.7459 0.7113 0.5980 0.5413 
0.5130 0.4988 0.4615 0.4428 0.4335 0.3575 0.3624 0.3648 0.3660 0.3666 0.3669 
0.3092 0.2803 0.2659 0.2587 0.2430 0.2352 0.2198 0.1998 0.1898 0.1848 0.1823 
0.1811 0.1676 0.1609 0.1575 0.1558 0.1550 0.1411 0.1341 0.1306 0.1289 0.1280 
0.1276 0.1273 0.1127 0.1054 0.1017 0.0922 0.0875 0.0813 0.0782 0.0951 0.1036 
0.1078 0.1134 0.1474 0.1644 0.1729 0.1911 0.2411 0.2660 0.2785 0.3050 0.3182 
0.3248 0.3281 0.3294 0.3300 0.3303 0.3304 0.3305 0.3452 0.3526 0.3788 0.3919 
0.3984 0.4082 0.4132 0.4192 0.4223 0.4148 0.4111 0.4092 0.4114 0.4124 0.4156 
0.4171 0.4205 0.4222 0.4231 0.4262 0.4213 0.4188 0.4176 0.4170 0.4167 0.4186 
0.4196 0.4220 0.4232 0.4238 0.4242 0.4301 0.4330 0.4345 0.4367 0.4387 0.4397 
0.4402 0.4399 0.4332 0.4299 0.4282 0.4260 0.4308 0.4333 0.4345 0.4341 0.4315 
0.4303 0.4297 0.4234 0.4202 0.4187 0.4179 0.4208 0.4223 0.4230 0.4244 0.4217 
0.4204 0.4198 0.4194 0.4184 0.4179 0.4177 0.4170 0.4167 0.4166 0.4166 0.4183 
0.4191 0.4196 0.4198 0.4199 0.4199 0.4199 0.4199 0.4196 0.4195 0.4194 0.4194 
0.4194 0.4193 0.4193 0.4193 0.4193 0.4193 0.4193 0.4175 0.4166 0.4161 0.4159 
0.4158 0.4157 0.4157 0.4157 0.4157 0.4157 0.4157 0.4157 